11 13 11 11 10 9 9 5 2 6 3 4 2 3 2
2 9 9 6 9 7 4 8 10 7 3 4 3 7 13

1 3 3 3 3 3 3 9 21 22 28 28 28 29 29
1 1 3 8 8 8 9 9 21 22 28 28 28 30 30
1 2 2 8 8 8 20 20 21 22 22 22 28 28 30
4 6 6 6 7 8 19 20 21 22 27 27 27 28 30
4 6 4 7 7 7 19 20 21 22 27 27 27 28 30
4 4 4 17 19 19 19 19 25 25 27 27 26 26 30
5 10 17 17 19 24 24 24 24 25 25 25 26 30 30
5 10 10 17 19 24 23 25 24 25 25 26 26 26 30
10 10 17 17 19 23 23 25 25 25 26 26 25 26 30
11 10 17 17 17 17 17 18 25 25 25 25 25 25 30
11 10 11 11 11 15 18 18 31 32 32 32 32 32 32
11 11 11 11 15 15 15 15 31 31 31 32 31 31 32
11 11 12 11 12 15 15 15 31 31 31 31 31 32 32
13 13 12 12 12 12 15 16 16 16 16 16 31 31 32
13 13 14 14 12 12 12 31 31 31 31 31 31 31 32