4 4 5 7 7 6 6 5 5 4 5 4 3 6 7
1 7 8 7 2 4 2 5 10 3 2 1 5 12 9

1 1 1 2 3 14 14 14 14 21 21 21 21 21 21
1 1 2 2 3 5 13 13 14 14 21 22 22 21 30
1 1 2 4 4 5 13 13 13 21 21 22 22 30 30
6 8 8 10 10 10 13 15 15 15 22 22 29 29 30
6 8 8 11 11 11 16 16 16 16 16 16 29 30 30
6 8 8 8 12 12 12 16 16 25 29 29 29 31 31
6 6 8 8 8 12 12 24 24 25 25 25 29 31 31
6 6 6 8 9 9 9 24 24 24 25 26 29 31 20
6 6 6 9 9 9 9 24 23 24 25 26 26 31 20
6 6 7 7 7 7 17 17 23 23 23 27 27 28 20
6 6 6 7 7 7 17 17 17 19 19 19 27 28 20
6 6 6 7 7 7 17 18 18 18 19 19 32 28 28
6 6 6 7 7 7 17 17 18 18 32 32 32 28 32
6 6 7 7 7 18 18 18 18 18 18 18 32 32 32
7 7 7 7 7 7 7 7 7 32 32 32 32 32 32